2 2 2 2 2 2 2 2 2 2 2 2 2 2 2 2 2 2 2 2 2 2 2 2 2 2 2 2 2 2 2 2 2 2 2 2 2 2 2 2
2 2 2 2 2 2 2 2 2 2 2 2 2 2 2 2 2 2 2 2 2 2 2 2 2 2 2 2 2 2 2 2 2 2 2 2 2 2 2 2
2 1 1 1 1 1 1 1 1 1 1 1 1 1 1 1 1 1 1 1 2 0 0 0 0 0 0 0 0 0 0 0 0 0 0 0 0 0 0 0
2 1 1 1 1 1 1 1 1 1 1 1 1 1 1 1 1 1 1 1 2 0 0 0 0 0 0 0 0 0 0 0 0 0 0 0 0 0 0 0
2 2 2 2 2 2 2 2 2 2 1 1 1 1 1 1 1 1 1 1 2 0 0 0 0 0 0 0 0 0 0 0 0 0 0 0 0 0 0 0
0 0 0 0 0 0 0 0 0 2 1 1 1 1 1 1 1 1 1 1 2 0 0 0 2 2 2 2 2 2 2 2 2 2 2 2 2 2 2 2
0 0 0 0 0 0 0 0 0 2 1 1 1 1 1 1 1 1 1 1 2 0 0 0 2 1 1 1 1 1 1 1 1 1 1 1 1 1 1 2
0 0 0 0 0 0 0 0 0 2 1 1 1 1 1 1 1 1 1 1 2 0 0 0 2 1 1 1 1 1 1 1 1 1 1 1 1 1 1 2
2 2 2 2 2 2 0 0 0 2 1 1 1 1 1 1 1 1 1 1 2 0 0 0 2 1 1 1 1 1 1 1 1 1 1 1 1 1 1 2
2 1 1 1 1 2 0 0 0 2 1 1 1 1 1 1 1 1 1 1 2 0 0 0 2 1 1 1 1 1 1 1 1 1 1 1 1 1 1 2
2 1 1 1 1 2 0 0 0 2 1 1 1 1 1 1 1 1 1 1 2 0 0 0 2 1 1 1 1 1 1 1 1 1 1 1 1 1 1 2
2 1 1 1 1 2 0 0 0 2 1 1 1 1 1 1 1 1 1 1 2 0 0 0 2 1 1 1 1 1 1 1 1 1 1 1 1 1 1 2
2 1 1 1 1 2 0 0 0 2 1 1 1 1 1 1 1 1 1 1 2 0 0 0 2 1 1 1 1 1 1 1 1 1 1 1 1 1 1 2
2 1 1 1 1 2 0 0 0 2 1 1 1 1 1 1 1 1 1 1 2 0 0 0 2 1 1 1 1 1 1 1 1 1 1 1 1 1 1 2
2 1 1 1 1 2 0 0 0 2 1 1 1 1 1 1 1 1 1 1 2 0 0 0 2 1 1 1 1 1 1 1 1 1 1 1 1 1 1 2
2 1 1 1 1 2 0 0 0 2 1 1 1 1 1 1 1 1 1 1 2 0 0 0 2 1 1 1 1 1 1 1 1 1 1 1 1 1 1 2
2 1 1 1 1 2 0 0 0 2 1 1 1 1 1 1 1 1 1 1 2 0 0 0 2 1 1 1 1 1 1 1 1 1 1 1 1 1 1 2
2 1 1 1 1 2 0 0 0 2 1 1 1 1 1 1 1 1 1 1 2 0 0 0 2 1 1 1 1 1 1 1 1 1 1 1 1 1 1 2
2 1 1 1 1 2 0 0 0 2 1 1 1 1 1 1 1 1 1 1 2 0 0 0 2 1 1 1 1 1 1 1 1 1 1 1 1 1 1 2
2 1 1 1 1 2 0 0 0 2 2 2 2 2 2 2 2 2 2 2 2 0 0 0 2 1 1 1 1 1 1 1 1 1 1 1 1 1 1 2
2 1 1 1 1 2 0 0 0 0 0 0 0 0 0 0 0 0 0 0 0 0 0 0 2 1 1 1 1 1 1 1 1 1 1 1 1 1 1 2
2 1 1 1 1 2 0 0 0 0 0 0 0 0 0 0 0 0 0 0 0 0 0 0 2 1 1 1 1 1 1 1 1 1 1 1 1 1 1 2
2 1 1 1 1 2 0 0 0 0 0 0 0 0 0 0 0 0 0 0 0 0 0 0 2 1 1 1 1 1 1 1 1 1 1 1 1 1 1 2
2 2 2 2 2 2 2 2 2 2 2 2 2 2 2 2 2 2 2 2 2 2 2 2 2 2 2 2 2 2 2 2 2 2 2 2 2 2 2 2
6
0 170
200 170
200 620
650 620
650 80
230 170
500
1 1 1 1 1 1 1 1 1 1
1 1 1 1 1 1 1 1 1 1
1 1 1 1 1 1 1 1 1 1
1 1 1 1 1 1 1 1 1 1
1 1 1 1 1 1 1 1 1 1
1 1 1 1 1 1 1 1 1 1
1 1 1 1 1 1 1 1 1 1
1 1 1 1 1 1 1 1 1 1
1 1 1 1 1 1 1 1 1 1
1 1 1 1 1 1 1 1 1 1
1 1 1 1 1 1 1 1 1 1
1 1 1 1 1 1 1 1 1 1
1 1 1 1 1 1 1 1 1 1
1 1 1 1 1 1 1 1 1 1
1 1 1 1 1 1 1 1 1 1
1 1 1 1 1 1 1 1 1 1
1 1 1 1 1 1 1 1 1 1
1 1 1 1 1 1 1 1 1 1
1 1 1 1 1 1 1 1 1 1
1 1 1 1 1 1 1 1 1 1
1 1 1 1 1 1 1 1 1 1
1 1 1 1 1 1 1 1 1 1
1 1 1 1 1 1 1 1 1 1
1 1 1 1 1 1 1 1 1 1
1 1 1 1 1 1 1 1 1 1
1 1 1 1 1 1 1 1 1 1
1 1 1 1 1 1 1 1 1 1
1 1 1 1 1 1 1 1 1 1
1 1 1 1 1 1 1 1 1 1
1 1 1 1 1 1 1 1 1 1
1 1 1 1 1 1 1 1 1 1
1 1 1 1 1 1 1 1 1 1
1 1 1 1 1 1 1 1 1 1
1 1 1 1 1 1 1 1 1 1
1 1 1 1 1 1 1 1 1 1
1 1 1 1 1 1 1 1 1 1
1 1 1 1 1 1 1 1 1 1
1 1 1 1 1 1 1 1 1 1
1 1 1 1 1 1 1 1 1 1
1 1 1 1 1 1 1 1 1 1
1 1 1 1 1 1 1 1 1 1
1 1 1 1 1 1 1 1 1 1
1 1 1 1 1 1 1 1 1 1
1 1 1 1 1 1 1 1 1 1
1 1 1 1 1 1 1 1 1 1
1 1 1 1 1 1 1 1 1 1
1 1 1 1 1 1 1 1 1 1
1 1 1 1 1 1 1 1 1 1
1 1 1 1 1 1 1 1 1 1
1 1 1 1 1 1 1 1 1 1